187
51.390520   153.637704
51.471836   153.601375
51.463302   153.689696
51.465785   153.628057
51.439501   153.703569
51.433095   153.647729
51.392435   153.734069
51.442151   153.681698
51.389635   153.758371
51.367411   153.686744
51.378406   153.770266
51.319061   153.692676
51.307979   153.813378
51.247128   153.763333
51.162250   153.876379
51.166136   153.878246
51.038386   153.944750
51.085784   153.914945
51.032355   153.947955
51.098927   153.833289
51.197958   153.763493
51.440796   152.786035
52.308286   147.654793
54.643660   138.637740
57.822906   128.695796
59.573611   122.385563
58.986071   120.391382
58.064283   120.375869
56.470025   125.888932
54.263331   139.538825
55.482136   153.188803
56.500000   160.000000
54.942409   160.651422
53.202684   158.662531
49.004426   151.802329
46.559339   141.382961
47.520444   132.284040
50.654249   127.247031
56.650619   125.546499
59.645279   125.019541
61.429229   126.654943
61.683426   131.452348
49.611547   140.094492
48.368115   140.730326
50.822411   140.528004
57.599869   139.764754
65.249058   141.873972
65.500000   144.500000
64.720730   149.337672
61.005553   151.884387
59.929355   152.957547
60.007913   152.801728
60.576198   150.684912
64.409046   147.191517
65.994315   143.500983
66.736891   143.206723
66.969852   144.689927
66.638133   146.982486
66.477588   148.416077
66.404796   148.539203
66.463486   147.556176
66.422956   145.604536
66.188389   143.612425
65.750509   143.381923
65.432729   144.017851
64.753574   146.518654
64.505051   149.279175
64.572228   150.270737
64.890155   150.201063
65.396001   149.418416
65.818218   147.642944
65.980802   146.799410
65.978880   146.548841
65.886620   146.885107
65.642188   147.828417
65.561253   149.409070
65.731821   149.850861
66.187056   149.645279
67.821908   148.202617
71.620552   147.030131
73.674014   145.732713
74.559421   145.242662
74.450423   145.286772
73.655954   145.899827
71.791469   147.593261
69.922720   150.134592
70.639114   151.984802
71.897413   152.308627
74.241507   150.601577
76.264612   147.292366
80.985816   141.278095
86.504951   132.821083
89.919632   124.540192
89.659787   120.418405
87.596286   119.690935
83.185825   122.207065
79.076583   128.571334
76.670855   139.398717
76.165393   146.704748
77.471141   149.405047
78.964510   149.186204
80.338048   146.352453
81.904692   142.471219
82.434561   141.035167
82.311321   140.993327
81.862618   143.412942
82.261100   146.628784
82.817806   148.525642
85.538442   149.536711
86.897272   148.335186
88.356219   146.012752
90.835447   142.959168
91.157556   140.740238
90.550487   140.410456
88.453190   141.369112
87.187088   144.831968
86.729691   148.120169
87.434997   150.075151
88.535372   150.241265
90.630065   149.443518
92.452142   146.590477
95.918817   143.661357
96.415097   142.662567
95.898673   143.691021
92.628478   146.749267
92.093135   151.247477
92.447674   153.550796
94.028394   154.368808
95.066134   153.104178
94.881478   150.209019
94.107110   146.755555
91.588393   144.929838
86.844005   144.040005
79.758077   142.281896
76.067941   140.877500
75.019698   139.355404
74.479343   137.477781
73.303751   135.843832
72.373461   134.958680
71.252881   135.125874
67.941735   135.193201
66.690442   136.226824
67.235884   134.976696
67.970254   134.309308
70.985925   142.421970
69.340609   148.534990
69.532355   156.721148
67.249974   162.150186
67.211823   164.223106
68.668012   163.973071
72.153400   162.518254
77.289422   160.650420
80.344975   160.027145
80.830928   159.946265
80.696661   160.121102
80.622240   160.009894
80.706269   160.001679
80.759988   159.810978
80.768510   159.896681
80.717346   159.757622
80.671895   159.898476
80.707769   159.808728
80.750870   159.927817
80.764338   159.755260
80.792208   159.842013
80.830337   159.755447
80.797984   159.861207
80.762234   159.770337
80.794350   159.874045
80.772614   159.739993
80.766002   159.854086
80.677361   159.710733
80.775458   159.858229
80.776642   159.744235
80.769043   159.824653
80.788571   159.714945
80.818773   159.789806
80.803670   159.680336
80.749092   159.755227
80.666925   159.667569
80.824164   159.837003
80.768387   159.692406
80.749199   159.764038
80.755972   159.641680
80.753713   159.743982
80.623580   159.600653
80.732093   159.762980
